 7     0    93
 7     0     6
 6     0     5
 3     1     4
 4     0     3
 3     1     5
 4     0     4
 1     0     0
 4     1     6
 3     0     4
 1     0     0
 2     0     9
 8     0    90
 3     1     4
 1     0     1
 2     0     5
 8     0    63
 3     1     6
 3     0     3
 2     0     1
 4     1     6
 1     0     2
 3     0     3
 2     0     3
 4     0     3
 3     0     4
 1     0     2
 2     0     4
 4     0     4
 7     0    27
 2     0     0
 6     0     9
 1     0     7
 4     0     4
 1     0    85
 4     0     5
 5     0     3
 2     0     0
 9     0     3
